length = 0.9991145833333334,
width = 0.9900260416666666,
color =  0.9996354166666667,
angle = 0.999375
